simple 865;1470;10;0;15;20;20

orc 1600;760;50;25;15;17;10
mage 1695;793;50;20;15;13;70
simple 1675;750;50;0;700;2;40
simple 1725;830;50;25;335;10;30
simple 1730;950;50;25;505;8;200
orc 1700;750;50;20;15;12;20
orc 1750;850;50;30;315;17;20
simple 1650;830;50;30;15;13;20
mage 1750;700;50;25;95;18;20
mage 1700;809;50;25;65;16;50
orc 1800;700;50;25;115;15;30

orc 755;386;20;0;300;8;200
orc 800;386;20;0;40;20;20
orc 795;410;20;0;30;20;10
orc 780;412;20;0;30;11;40
orc 755;386;20;0;30;18;20
mage 765;366;30;0;30;16;10
mage 810;366;30;0;30;20;80
mage 835;366;30;0;30;18;40
simple 795;510;30;0;20;12;20
simple 759;510;30;0;20;18;10
simple 785;489;30;0;20;13;30
simple 735;500;30;0;20;8;20
simple 719;510;30;0;20;17;10
simple 700;489;30;0;20;18;10

simple 678;841;10;0;10;10;40
simple 660;801;10;0;30;15;10
simple 661;851;10;0;40;17;10
simple 630;770;10;0;40;20;30
simple 673;812;20;0;40;18;60
simple 710;935;10;0;30;14;70
simple 650;900;10;0;30;20;30

